# BLASTP 2.2.25+
# Query: Aech_17126  [mRNA]  locus=scaffold6:17203:18176:+ [translate_table: standard]
# Database: /home/brown/uwba217/NOBACKUP/DATA/DBs/BLAST/nr
# Fields: query id, subject id, % identity, alignment length, query length, subject length, mismatches, gap opens, q. start, q. end, s. start, s. end, evalue, bit score
# 24 hits found
Aech_17126	gi|332019383|gb|EGI59878.1|	100.00	139	139	139	0	0	1	139	1	139	1e-72	 275
Aech_17126	gi|332016610|gb|EGI57484.1|	70.91	110	139	243	23	1	11	111	26	135	7e-33	 143
Aech_17126	gi|332028207|gb|EGI68257.1|	73.42	79	139	102	18	1	59	134	22	100	2e-23	 112
Aech_17126	gi|332026534|gb|EGI66653.1|	48.00	125	139	155	53	4	17	139	21	135	5e-18	94.7
Aech_17126	gi|332017247|gb|EGI58025.1|	51.82	110	139	410	24	4	30	139	47	127	5e-17	91.3
Aech_17126	gi|332022724|gb|EGI63000.1|	89.36	47	139	197	5	0	93	139	1	47	3e-16	88.6
Aech_17126	gi|332021620|gb|EGI61982.1|	55.56	90	139	243	35	3	52	139	3	89	1e-15	86.3
Aech_17126	gi|332020623|gb|EGI61030.1|	60.27	73	139	186	27	2	69	139	103	175	5e-13	77.8
Aech_17126	gi|332031022|gb|EGI70637.1|	74.00	50	139	251	13	0	85	134	1	50	6e-13	77.8
Aech_17126	gi|332027640|gb|EGI67708.1|	45.65	92	139	261	46	3	42	131	130	219	6e-12	74.3
Aech_17126	gi|332028693|gb|EGI68725.1|	60.61	66	139	152	23	2	75	139	10	73	2e-10	69.3
Aech_17126	gi|332029885|gb|EGI69744.1|	82.50	40	139	98	6	1	30	68	6	45	6e-09	64.3
Aech_17126	gi|332019101|gb|EGI59629.1|	63.64	55	139	190	18	2	86	139	4	57	3e-08	62.0
Aech_17126	gi|332031243|gb|EGI70784.1|	68.75	48	139	198	14	1	93	139	1	48	5e-08	61.2
Aech_17126	gi|332026135|gb|EGI66283.1|	48.33	60	139	145	26	2	43	97	83	142	7e-05	50.8
Aech_17126	gi|332019083|gb|EGI59613.1|	43.48	69	139	216	30	3	61	129	9	68	0.012	43.5
Aech_17126	gi|332017207|gb|EGI57996.1|	43.59	39	139	84	22	0	42	80	38	76	0.45	38.1
Aech_17126	gi|8184|emb|CAA34351.1|	28.57	133	139	621	76	5	2	121	5	131	1.9	36.2
Aech_17126	gi|352749710|ref|YP_004901686.1|	23.31	133	139	2241	93	2	4	127	1391	1523	3.0	35.4
Aech_17126	gi|145499447|ref|XP_001435709.1|	27.78	54	139	593	39	0	47	100	175	228	4.2	35.0
Aech_17126	gi|195339235|ref|XP_002036225.1|	33.33	66	139	754	43	1	61	126	631	695	4.4	35.0
Aech_17126	gi|240065113|gb|ACS44657.1|	23.73	118	139	2860	81	2	4	112	1496	1613	7.5	34.3
Aech_17126	gi|339302144|ref|ZP_08651211.1|	42.55	47	139	295	26	1	26	71	65	111	7.9	33.9
Aech_17126	gi|341577939|gb|EGS28339.1|	42.55	47	139	273	26	1	26	71	43	89	9.0	33.9
# BLASTP 2.2.25+
# Query: Aech_17103  [mRNA]  locus=scaffold9:18532:18822:- [translate_table: standard]
# Database: /home/brown/uwba217/NOBACKUP/DATA/DBs/BLAST/nr
# Fields: query id, subject id, % identity, alignment length, query length, subject length, mismatches, gap opens, q. start, q. end, s. start, s. end, evalue, bit score
# 861 hits found
Aech_17103	gi|332016804|gb|EGI57624.1|	100.00	96	96	96	0	0	1	96	1	96	9e-49	 196
Aech_17103	gi|332020777|gb|EGI61180.1|	93.75	96	96	94	4	1	1	96	1	94	2e-43	 178
Aech_17103	gi|332024655|gb|EGI64851.1|	92.86	98	96	96	3	2	1	96	1	96	1e-42	 176
Aech_17103	gi|332019290|gb|EGI59798.1|	90.82	98	96	96	5	2	1	96	1	96	3e-42	 175
Aech_17103	gi|332026232|gb|EGI66374.1|	91.84	98	96	96	4	2	1	96	1	96	5e-42	 174
Aech_17103	gi|332029961|gb|EGI69786.1|	91.84	98	96	96	4	2	1	96	1	96	1e-41	 173
Aech_17103	gi|332025380|gb|EGI65547.1|	90.82	98	96	96	5	2	1	96	1	96	2e-41	 172
Aech_17103	gi|332025089|gb|EGI65271.1|	89.80	98	96	96	6	2	1	96	1	96	9e-41	 170
Aech_17103	gi|332028976|gb|EGI68991.1|	88.78	98	96	106	7	2	1	96	1	96	1e-40	 169
Aech_17103	gi|332029287|gb|EGI69270.1|	89.80	98	96	96	6	2	1	96	1	96	2e-40	 168
Aech_17103	gi|332030107|gb|EGI69922.1|	88.78	98	96	135	7	2	1	96	1	96	2e-40	 168
Aech_17103	gi|332021369|gb|EGI61742.1|	87.76	98	96	96	8	2	1	96	1	96	5e-40	 167
Aech_17103	gi|332019754|gb|EGI60220.1|	88.78	98	96	95	6	2	1	96	1	95	7e-40	 167
Aech_17103	gi|332022391|gb|EGI62702.1|	87.63	97	96	95	9	2	1	96	1	95	7e-40	 167
Aech_17103	gi|332020984|gb|EGI61377.1|	90.32	93	96	168	7	1	6	96	4	96	2e-39	 166
Aech_17103	gi|332025097|gb|EGI65278.1|	86.73	98	96	111	9	2	1	96	1	96	2e-39	 165
Aech_17103	gi|332022401|gb|EGI62711.1|	93.55	93	96	92	3	2	6	96	1	92	2e-39	 165
Aech_17103	gi|332025069|gb|EGI65253.1|	85.71	98	96	105	10	2	1	96	1	96	2e-39	 165
Aech_17103	gi|332028627|gb|EGI68662.1|	89.25	93	96	124	8	1	6	96	4	96	3e-39	 165
Aech_17103	gi|307204426|gb|EFN83139.1|	89.13	92	96	101	8	1	7	96	1	92	3e-39	 165
Aech_17103	gi|332028638|gb|EGI68672.1|	90.32	93	96	96	7	1	6	96	4	96	1e-38	 162
Aech_17103	gi|332022654|gb|EGI62942.1|	87.76	98	96	96	8	2	1	96	1	96	2e-38	 162
Aech_17103	gi|332031435|gb|EGI70938.1|	88.42	95	96	93	7	2	1	93	1	93	2e-38	 162
Aech_17103	gi|307200609|gb|EFN80743.1|	90.00	90	96	119	7	1	9	96	1	90	2e-38	 162
Aech_17103	gi|332020121|gb|EGI60565.1|	88.78	98	96	95	6	3	1	96	1	95	5e-38	 160
Aech_17103	gi|332029051|gb|EGI69065.1|	87.10	93	96	93	10	1	6	96	1	93	7e-38	 160
Aech_17103	gi|332027610|gb|EGI67681.1|	85.71	98	96	120	10	2	1	96	1	96	9e-38	 160
Aech_17103	gi|307175534|gb|EFN65463.1|	90.00	90	96	170	7	1	9	96	1	90	1e-37	 159
Aech_17103	gi|332021602|gb|EGI61966.1|	92.05	88	96	88	5	1	11	96	1	88	2e-37	 159
Aech_17103	gi|332022147|gb|EGI62469.1|	93.10	87	96	87	4	1	12	96	1	87	2e-37	 158
Aech_17103	gi|332018028|gb|EGI58654.1|	89.25	93	96	92	7	2	6	96	1	92	2e-37	 158
Aech_17103	gi|332018791|gb|EGI59352.1|	84.38	96	96	102	11	2	1	94	1	94	4e-37	 157
Aech_17103	gi|332020468|gb|EGI60884.1|	86.81	91	96	97	9	1	6	93	4	94	5e-37	 157
Aech_17103	gi|332027130|gb|EGI67224.1|	84.69	98	96	202	10	3	1	96	1	95	6e-37	 157
Aech_17103	gi|332020462|gb|EGI60880.1|	89.25	93	96	94	6	2	6	96	4	94	6e-37	 157
Aech_17103	gi|332020314|gb|EGI60743.1|	88.76	89	96	89	8	1	10	96	1	89	1e-36	 155
Aech_17103	gi|307194289|gb|EFN76665.1|	86.67	90	96	94	10	1	6	93	5	94	2e-36	 155
Aech_17103	gi|332023879|gb|EGI64101.1|	90.00	90	96	89	5	2	1	88	1	88	2e-36	 155
Aech_17103	gi|307201016|gb|EFN80977.1|	88.76	89	96	103	8	1	10	96	1	89	2e-36	 155
Aech_17103	gi|332024656|gb|EGI64852.1|	85.11	94	96	93	10	2	1	92	1	92	2e-36	 155
Aech_17103	gi|332027843|gb|EGI67903.1|	87.10	93	96	169	9	2	6	96	4	95	3e-36	 154
Aech_17103	gi|332022919|gb|EGI63187.1|	82.65	98	96	97	14	2	1	96	1	97	4e-36	 154
Aech_17103	gi|332026153|gb|EGI66300.1|	88.17	93	96	130	7	3	6	96	4	94	5e-36	 154
Aech_17103	gi|332021048|gb|EGI61436.1|	82.47	97	96	99	14	2	1	96	1	95	5e-36	 154
Aech_17103	gi|307210132|gb|EFN86819.1|	87.64	89	96	112	9	1	10	96	1	89	6e-36	 154
Aech_17103	gi|332018064|gb|EGI58680.1|	90.80	87	96	87	6	1	12	96	1	87	8e-36	 153
Aech_17103	gi|332022608|gb|EGI62904.1|	85.87	92	96	91	9	2	1	90	1	90	3e-35	 151
Aech_17103	gi|332028916|gb|EGI68934.1|	82.11	95	96	114	12	3	1	92	1	93	4e-35	 151
Aech_17103	gi|332031462|gb|EGI70948.1|	91.57	83	96	83	5	1	16	96	1	83	8e-35	 150
Aech_17103	gi|332027582|gb|EGI67653.1|	88.17	93	96	102	5	4	6	96	4	92	6e-34	 147
Aech_17103	gi|332018604|gb|EGI59187.1|	81.44	97	96	94	14	3	1	96	1	94	2e-33	 145
Aech_17103	gi|332021840|gb|EGI62179.1|	82.65	98	96	97	10	4	1	96	1	93	8e-33	 143
Aech_17103	gi|332024390|gb|EGI64588.1|	91.03	78	96	124	5	1	21	96	1	78	1e-32	 142
Aech_17103	gi|332020775|gb|EGI61178.1|	89.87	79	96	79	6	1	6	82	1	79	5e-32	 140
Aech_17103	gi|332027457|gb|EGI67540.1|	87.95	83	96	81	6	2	1	81	1	81	7e-32	 140
Aech_17103	gi|332017397|gb|EGI58131.1|	89.74	78	96	106	6	1	21	96	1	78	3e-31	 138
Aech_17103	gi|332021841|gb|EGI62180.1|	68.89	90	96	151	26	1	6	93	4	93	2e-29	 132
Aech_17103	gi|332018734|gb|EGI59301.1|	64.52	93	96	135	31	1	6	96	4	96	4e-29	 131
Aech_17103	gi|332024421|gb|EGI64619.1|	63.44	93	96	168	32	1	6	96	4	96	4e-29	 131
Aech_17103	gi|332021018|gb|EGI61409.1|	65.22	92	96	200	31	1	6	96	4	95	6e-29	 130
Aech_17103	gi|332022402|gb|EGI62712.1|	65.56	90	96	117	29	1	6	93	4	93	8e-29	 130
Aech_17103	gi|332031235|gb|EGI70780.1|	70.11	87	96	128	24	1	12	96	1	87	8e-29	 130
Aech_17103	gi|332026502|gb|EGI66625.1|	69.77	86	96	144	24	1	12	95	1	86	1e-28	 129
Aech_17103	gi|307198582|gb|EFN79452.1|	68.89	90	96	126	26	1	9	96	1	90	1e-28	 129
Aech_17103	gi|332027823|gb|EGI67886.1|	64.52	93	96	168	31	1	6	96	4	96	2e-28	 129
Aech_17103	gi|332020227|gb|EGI60667.1|	68.97	87	96	116	25	1	12	96	1	87	2e-27	 126
Aech_17103	gi|332030715|gb|EGI70391.1|	62.92	89	96	111	31	1	7	93	1	89	3e-27	 125
Aech_17103	gi|332018588|gb|EGI59171.1|	63.33	90	96	105	31	1	6	93	4	93	3e-27	 125
Aech_17103	gi|307192435|gb|EFN75651.1|	67.44	86	96	149	26	1	13	96	1	86	3e-27	 124
Aech_17103	gi|332028213|gb|EGI68262.1|	90.28	72	96	80	3	2	1	70	1	70	4e-27	 124
Aech_17103	gi|332027824|gb|EGI67887.1|	62.37	93	96	103	33	1	6	96	4	96	4e-27	 124
Aech_17103	gi|332025952|gb|EGI66108.1|	62.37	93	96	110	33	1	6	96	4	96	5e-27	 124
Aech_17103	gi|332031195|gb|EGI70751.1|	62.37	93	96	125	33	1	6	96	4	96	1e-26	 123
Aech_17103	gi|332030698|gb|EGI70375.1|	62.37	93	96	125	33	1	6	96	4	96	1e-26	 123
Aech_17103	gi|332027795|gb|EGI67860.1|	62.37	93	96	161	33	1	6	96	4	96	1e-26	 123
Aech_17103	gi|307194928|gb|EFN77050.1|	67.06	85	96	113	26	1	11	93	1	85	1e-26	 123
Aech_17103	gi|332027633|gb|EGI67701.1|	65.56	90	96	202	29	1	6	93	4	93	2e-26	 122
Aech_17103	gi|307198009|gb|EFN79069.1|	68.97	87	96	88	22	2	6	90	5	88	6e-26	 120
Aech_17103	gi|307186191|gb|EFN71897.1|	63.33	90	96	118	31	1	9	96	1	90	6e-26	 120
Aech_17103	gi|307215382|gb|EFN90065.1|	65.48	84	96	84	27	1	11	92	1	84	8e-26	 120
Aech_17103	gi|332027742|gb|EGI67809.1|	60.22	93	96	103	35	1	6	96	4	96	1e-25	 119
Aech_17103	gi|332030255|gb|EGI70029.1|	63.33	90	96	195	31	1	9	96	7	96	1e-25	 119
Aech_17103	gi|332020630|gb|EGI61037.1|	60.22	93	96	134	35	1	6	96	4	96	2e-25	 119
Aech_17103	gi|307204465|gb|EFN83170.1|	70.45	88	96	99	15	1	9	96	1	77	4e-25	 118
Aech_17103	gi|332020455|gb|EGI60873.1|	63.33	90	96	208	31	1	6	93	4	93	4e-25	 117
Aech_17103	gi|332021278|gb|EGI61660.1|	64.71	85	96	86	26	2	6	88	4	86	4e-25	 117
Aech_17103	gi|332020454|gb|EGI60872.1|	57.45	94	96	164	38	1	5	96	3	96	6e-25	 117
Aech_17103	gi|332017651|gb|EGI58343.1|	66.28	86	96	118	27	1	13	96	6	91	7e-25	 117
Aech_17103	gi|332030144|gb|EGI69938.1|	61.80	89	96	94	32	1	6	92	4	92	1e-24	 116
Aech_17103	gi|307214487|gb|EFN89514.1|	68.67	83	96	150	24	1	13	93	1	83	1e-24	 116
Aech_17103	gi|307196003|gb|EFN77728.1|	62.22	90	96	108	32	1	6	93	1	90	1e-24	 116
Aech_17103	gi|332025085|gb|EGI65267.1|	61.11	90	96	110	33	1	6	93	4	93	2e-24	 115
Aech_17103	gi|332023122|gb|EGI63379.1|	64.37	87	96	159	29	2	12	96	1	87	2e-24	 115
Aech_17103	gi|332027932|gb|EGI67986.1|	60.22	93	96	119	33	2	6	96	4	94	3e-24	 115
Aech_17103	gi|332026165|gb|EGI66307.1|	62.37	93	96	126	32	2	6	96	4	95	4e-24	 114
Aech_17103	gi|307198326|gb|EFN79287.1|	60.00	90	96	233	34	1	6	93	141	230	4e-24	 114
Aech_17103	gi|307198326|gb|EFN79287.1|	32.18	87	96	233	57	1	9	93	1	87	6e-05	51.2
Aech_17103	gi|307185918|gb|EFN71734.1|	63.22	87	96	97	30	1	9	93	2	88	5e-24	 114
Aech_17103	gi|332021612|gb|EGI61974.1|	63.95	86	96	118	29	1	10	93	1	86	5e-24	 114
Aech_17103	gi|332027494|gb|EGI67576.1|	60.22	93	96	197	33	2	6	96	4	94	6e-24	 114
Aech_17103	gi|332022586|gb|EGI62887.1|	62.22	90	96	205	32	1	6	93	4	93	8e-24	 114
Aech_17103	gi|332022346|gb|EGI62658.1|	58.89	90	96	123	35	1	6	93	4	93	8e-24	 114
Aech_17103	gi|332028883|gb|EGI68907.1|	58.06	93	96	168	37	1	6	96	4	96	1e-23	 113
Aech_17103	gi|332025226|gb|EGI65401.1|	67.09	79	96	128	25	1	16	93	1	79	1e-23	 113
Aech_17103	gi|332021337|gb|EGI61711.1|	59.78	92	96	135	35	2	6	96	4	94	1e-23	 112
Aech_17103	gi|307204163|gb|EFN83005.1|	61.11	90	96	124	33	1	6	93	6	95	1e-23	 112
Aech_17103	gi|332024663|gb|EGI64858.1|	60.00	90	96	118	34	1	6	93	4	93	2e-23	 112
Aech_17103	gi|332031051|gb|EGI70647.1|	57.14	98	96	162	36	2	5	96	3	100	2e-23	 112
Aech_17103	gi|307196766|gb|EFN78223.1|	63.95	86	96	96	29	1	10	93	1	86	2e-23	 112
Aech_17103	gi|332019755|gb|EGI60221.1|	61.11	90	96	98	33	1	6	93	4	93	2e-23	 112
Aech_17103	gi|332026151|gb|EGI66298.1|	54.84	93	96	108	40	1	6	96	4	96	2e-23	 112
Aech_17103	gi|332030263|gb|EGI70037.1|	54.84	93	96	125	40	1	6	96	4	96	2e-23	 112
Aech_17103	gi|307201947|gb|EFN81552.1|	86.15	65	96	99	7	1	34	96	1	65	2e-23	 112
Aech_17103	gi|332023919|gb|EGI64138.1|	54.84	93	96	125	40	1	6	96	4	96	2e-23	 112
Aech_17103	gi|332016472|gb|EGI57374.1|	54.84	93	96	125	40	1	6	96	4	96	3e-23	 112
Aech_17103	gi|332019021|gb|EGI59557.1|	54.84	93	96	157	40	1	6	96	4	96	3e-23	 112
Aech_17103	gi|307168177|gb|EFN61453.1|	57.78	90	96	106	36	1	6	93	5	94	3e-23	 111
Aech_17103	gi|332020464|gb|EGI60882.1|	54.84	93	96	125	40	1	6	96	4	96	3e-23	 111
Aech_17103	gi|332016660|gb|EGI57517.1|	64.29	84	96	191	28	1	12	93	1	84	3e-23	 111
Aech_17103	gi|332027827|gb|EGI67890.1|	68.35	79	96	96	22	2	6	82	4	81	4e-23	 111
Aech_17103	gi|332026808|gb|EGI66917.1|	54.84	93	96	151	40	1	6	96	4	96	4e-23	 111
Aech_17103	gi|332020197|gb|EGI60641.1|	54.84	93	96	168	40	1	6	96	4	96	4e-23	 111
Aech_17103	gi|332022149|gb|EGI62471.1|	54.84	93	96	168	40	1	6	96	4	96	4e-23	 111
Aech_17103	gi|332017693|gb|EGI58374.1|	63.64	88	96	93	27	3	6	90	4	89	5e-23	 111
Aech_17103	gi|332016692|gb|EGI57535.1|	54.84	93	96	125	40	1	6	96	4	96	6e-23	 110
Aech_17103	gi|332017649|gb|EGI58341.1|	60.00	90	96	96	34	1	6	93	4	93	8e-23	 110
Aech_17103	gi|307214240|gb|EFN89346.1|	61.18	85	96	107	31	1	11	93	1	85	1e-22	 110
Aech_17103	gi|3136113|gb|AAC16609.1|	57.78	90	96	345	36	1	6	93	4	93	1e-22	 109
Aech_17103	gi|3136111|gb|AAC16608.1|	57.78	90	96	345	36	1	6	93	4	93	1e-22	 109
Aech_17103	gi|332027134|gb|EGI67228.1|	53.76	93	96	168	41	1	6	96	4	96	1e-22	 109
Aech_17103	gi|332030697|gb|EGI70374.1|	58.89	90	96	143	35	1	6	93	4	93	2e-22	 109
Aech_17103	gi|307197049|gb|EFN78421.1|	69.86	73	96	92	20	1	26	96	1	73	2e-22	 109
Aech_17103	gi|332029872|gb|EGI69740.1|	53.76	93	96	125	41	1	6	96	4	96	2e-22	 109
Aech_17103	gi|307213241|gb|EFN88733.1|	71.23	73	96	104	19	1	26	96	1	73	2e-22	 109
Aech_17103	gi|332028838|gb|EGI68866.1|	60.00	90	96	143	34	1	6	93	4	93	2e-22	 108
Aech_17103	gi|307199515|gb|EFN80122.1|	57.78	90	96	108	36	1	6	93	5	94	2e-22	 108
Aech_17103	gi|332023609|gb|EGI63841.1|	77.22	79	96	79	4	3	1	67	1	77	3e-22	 108
Aech_17103	gi|805122|gb|AAA66077.1|	62.79	86	96	347	30	1	10	93	10	95	3e-22	 108
Aech_17103	gi|332030902|gb|EGI70537.1|	65.38	78	96	79	25	1	11	86	2	79	3e-22	 108
Aech_17103	gi|332029416|gb|EGI69362.1|	65.12	86	96	118	25	3	13	96	1	83	3e-22	 108
Aech_17103	gi|93276811|emb|CAH03742.1|	58.89	90	96	345	35	1	6	93	4	93	4e-22	 108
Aech_17103	gi|332021616|gb|EGI61978.1|	85.51	69	96	78	5	3	1	67	1	66	4e-22	 108
Aech_17103	gi|93276807|emb|CAH03740.1|	58.89	90	96	345	35	1	6	93	4	93	4e-22	 108
Aech_17103	gi|332025066|gb|EGI65250.1|	55.91	93	96	103	39	1	6	96	4	96	4e-22	 108
Aech_17103	gi|332028372|gb|EGI68418.1|	60.00	90	96	223	34	1	6	93	4	93	5e-22	 107
Aech_17103	gi|307196479|gb|EFN78031.1|	55.56	90	96	135	38	1	6	93	5	94	6e-22	 107
Aech_17103	gi|332017339|gb|EGI58084.1|	61.11	90	96	117	32	2	6	93	4	92	6e-22	 107
Aech_17103	gi|3136132|gb|AAC16613.1|	56.67	90	96	345	37	1	6	93	4	93	6e-22	 107
Aech_17103	gi|3136130|gb|AAC16612.1|	56.67	90	96	345	37	1	6	93	4	93	6e-22	 107
Aech_17103	gi|332027579|gb|EGI67651.1|	61.11	90	96	124	32	2	6	93	4	92	7e-22	 107
Aech_17103	gi|259090261|pdb|3HOS|A	56.67	90	96	345	37	1	6	93	4	93	7e-22	 107
Aech_17103	gi|3136126|gb|AAC16610.1|	56.67	90	96	345	37	1	6	93	4	93	7e-22	 107
Aech_17103	gi|3136134|gb|AAC16614.1|	56.67	90	96	345	37	1	6	93	4	93	7e-22	 107
Aech_17103	gi|3136138|gb|AAC16616.1|	56.67	90	96	345	37	2	6	93	4	93	8e-22	 107
Aech_17103	gi|332021824|gb|EGI62167.1|	67.11	76	96	82	23	1	8	81	6	81	1e-21	 106
Aech_17103	gi|3136142|gb|AAC16618.1|	56.67	90	96	345	37	1	6	93	4	93	1e-21	 106
Aech_17103	gi|75009676|sp|Q7JQ07.1|MOS1T_DROMA	56.67	90	96	345	37	1	6	93	4	93	1e-21	 106
Aech_17103	gi|14161477|gb|AAK54758.1|	56.67	90	96	346	37	1	6	93	4	93	1e-21	 106
Aech_17103	gi|332020050|gb|EGI60501.1|	54.74	95	96	127	39	2	6	96	4	98	2e-21	 106
Aech_17103	gi|3372336|gb|AAC28261.1|	55.56	90	96	345	38	1	6	93	4	93	2e-21	 105
Aech_17103	gi|332021753|gb|EGI62106.1|	60.92	87	96	103	32	1	9	93	3	89	2e-21	 105
Aech_17103	gi|66864646|gb|AAY57408.1|	62.79	86	96	347	30	1	10	93	10	95	2e-21	 105
Aech_17103	gi|332024667|gb|EGI64861.1|	57.78	90	96	168	36	1	6	93	4	93	3e-21	 105
Aech_17103	gi|3372339|gb|AAC28262.1|	55.56	90	96	344	38	1	6	93	4	93	5e-21	 104
Aech_17103	gi|332026948|gb|EGI67045.1|	61.84	76	96	77	27	1	9	82	2	77	5e-21	 104
Aech_17103	gi|307209741|gb|EFN86572.1|	57.32	82	96	88	33	1	10	89	7	88	5e-21	 104
Aech_17103	gi|3136140|gb|AAC16617.1|	56.67	90	96	345	37	1	6	93	4	93	5e-21	 104
Aech_17103	gi|307193092|gb|EFN76013.1|	66.67	78	96	140	23	2	21	96	2	78	6e-21	 103
Aech_17103	gi|307205497|gb|EFN83814.1|	64.20	81	96	103	26	2	16	93	7	87	7e-21	 103
Aech_17103	gi|93276805|emb|CAH03739.1|	57.78	90	96	345	36	1	6	93	4	93	8e-21	 103
Aech_17103	gi|93276809|emb|CAH03741.1|	57.78	90	96	345	36	1	6	93	4	93	8e-21	 103
Aech_17103	gi|332019133|gb|EGI59649.1|	53.41	88	96	93	39	1	6	91	4	91	1e-20	 103
Aech_17103	gi|18448946|gb|AAL69970.1|AF465247_1	55.56	90	96	345	38	1	6	93	4	93	1e-20	 103
Aech_17103	gi|221129717|ref|XP_002159908.1|	54.44	90	96	312	39	1	6	93	4	93	1e-20	 103
Aech_17103	gi|332026484|gb|EGI66610.1|	56.67	90	96	168	37	1	6	93	4	93	1e-20	 102
Aech_17103	gi|332016470|gb|EGI57372.1|	59.04	83	96	121	32	1	6	86	4	86	2e-20	 102
Aech_17103	gi|332019126|gb|EGI59644.1|	71.43	70	96	80	18	2	15	82	2	71	2e-20	 102
Aech_17103	gi|332017414|gb|EGI58143.1|	56.67	90	96	118	37	1	6	93	4	93	2e-20	 102
Aech_17103	gi|332031226|gb|EGI70771.1|	55.56	90	96	150	37	2	6	93	4	92	2e-20	 102
Aech_17103	gi|332026508|gb|EGI66631.1|	57.83	83	96	116	33	1	13	93	4	86	3e-20	 102
Aech_17103	gi|307208163|gb|EFN85644.1|	58.33	84	96	148	33	1	12	93	1	84	3e-20	 102
Aech_17103	gi|307196786|gb|EFN78231.1|	64.00	75	96	76	25	1	9	81	2	76	3e-20	 101
Aech_17103	gi|307198282|gb|EFN79277.1|	58.62	87	96	92	34	1	9	93	1	87	5e-20	 101
Aech_17103	gi|307192732|gb|EFN75840.1|	57.65	85	96	85	34	1	10	92	1	85	5e-20	 101
Aech_17103	gi|332028474|gb|EGI68515.1|	54.44	90	96	115	39	1	6	93	4	93	6e-20	 100
Aech_17103	gi|307202052|gb|EFN81598.1|	92.59	54	96	54	2	1	19	70	1	54	6e-20	 100
Aech_17103	gi|307193511|gb|EFN76288.1|	61.54	78	96	103	28	1	18	93	1	78	6e-20	 100
Aech_17103	gi|332029927|gb|EGI69770.1|	85.00	60	96	58	7	1	1	60	1	58	7e-20	 100
Aech_17103	gi|307194325|gb|EFN76681.1|	61.33	75	96	75	27	1	12	84	1	75	8e-20	 100
Aech_17103	gi|307195617|gb|EFN77463.1|	60.47	86	96	87	29	2	10	93	1	83	1e-19	 100
Aech_17103	gi|332021614|gb|EGI61976.1|	60.76	79	96	132	29	1	10	86	1	79	1e-19	99.8
Aech_17103	gi|221123849|ref|XP_002156183.1|	54.44	90	96	345	39	1	6	93	4	93	2e-19	99.4
Aech_17103	gi|332017259|gb|EGI58037.1|	56.67	90	96	166	37	1	6	93	4	93	2e-19	99.4
Aech_17103	gi|307212046|gb|EFN87929.1|	51.72	87	96	106	40	1	9	93	17	103	2e-19	99.0
Aech_17103	gi|332023374|gb|EGI63620.1|	69.33	75	96	147	21	2	24	96	1	75	3e-19	99.0
Aech_17103	gi|332025099|gb|EGI65280.1|	63.01	73	96	78	25	1	8	78	6	78	3e-19	98.6
Aech_17103	gi|332027613|gb|EGI67684.1|	55.56	90	96	140	37	2	6	93	4	92	3e-19	98.6
Aech_17103	gi|307185520|gb|EFN71498.1|	59.30	86	96	142	29	2	10	93	1	82	4e-19	98.2
Aech_17103	gi|332017645|gb|EGI58337.1|	86.21	58	96	56	6	1	1	58	1	56	4e-19	97.8
Aech_17103	gi|332028839|gb|EGI68867.1|	57.78	90	96	188	32	3	6	93	7	92	5e-19	97.8
Aech_17103	gi|332028633|gb|EGI68667.1|	66.18	68	96	83	21	1	16	81	1	68	5e-19	97.8
Aech_17103	gi|332026086|gb|EGI66234.1|	65.71	70	96	143	22	1	26	93	1	70	6e-19	97.8
Aech_17103	gi|332025090|gb|EGI65272.1|	61.04	77	96	82	28	1	8	82	6	82	9e-19	97.1
Aech_17103	gi|307212354|gb|EFN88155.1|	63.01	73	96	104	25	1	23	93	1	73	1e-18	97.1
Aech_17103	gi|332018605|gb|EGI59188.1|	52.22	90	96	147	41	1	6	93	4	93	1e-18	96.7
Aech_17103	gi|332028972|gb|EGI68987.1|	61.84	76	96	103	25	2	23	96	1	74	1e-18	96.7
Aech_17103	gi|332031027|gb|EGI70642.1|	62.22	90	96	121	30	2	6	93	4	91	2e-18	95.9
Aech_17103	gi|332023500|gb|EGI63739.1|	54.44	90	96	165	39	2	6	93	4	93	2e-18	95.9
Aech_17103	gi|332027844|gb|EGI67904.1|	65.71	70	96	133	23	1	25	93	1	70	2e-18	95.5
Aech_17103	gi|332019450|gb|EGI59933.1|	55.56	90	96	153	36	2	6	93	4	91	2e-18	95.5
Aech_17103	gi|307177547|gb|EFN66653.1|	54.65	86	96	117	37	1	10	93	2	87	3e-18	95.5
Aech_17103	gi|332017909|gb|EGI58564.1|	63.89	72	96	89	24	1	25	94	1	72	3e-18	95.1
Aech_17103	gi|307193531|gb|EFN76296.1|	83.93	56	96	131	7	1	43	96	4	59	3e-18	95.1
Aech_17103	gi|332018173|gb|EGI58779.1|	58.75	80	96	95	28	4	6	83	4	80	5e-18	94.7
Aech_17103	gi|332028834|gb|EGI68862.1|	55.00	80	96	115	34	1	16	93	11	90	5e-18	94.4
Aech_17103	gi|332020560|gb|EGI60973.1|	58.75	80	96	128	31	1	16	93	1	80	5e-18	94.4
Aech_17103	gi|332025288|gb|EGI65459.1|	55.56	90	96	149	35	2	6	93	4	90	6e-18	94.4
Aech_17103	gi|332016767|gb|EGI57588.1|	55.00	80	96	130	34	1	16	93	11	90	6e-18	94.4
Aech_17103	gi|332016768|gb|EGI57589.1|	55.00	80	96	100	34	1	16	93	11	90	6e-18	94.0
Aech_17103	gi|332017910|gb|EGI58565.1|	62.50	72	96	99	25	1	25	94	1	72	7e-18	94.0
Aech_17103	gi|307205067|gb|EFN83548.1|	52.17	92	96	100	37	2	9	93	1	92	7e-18	94.0
Aech_17103	gi|332022399|gb|EGI62709.1|	58.97	78	96	81	29	2	6	81	4	80	7e-18	94.0
Aech_17103	gi|332031236|gb|EGI70781.1|	58.97	78	96	157	30	1	18	93	5	82	1e-17	93.6
Aech_17103	gi|307201563|gb|EFN81325.1|	53.49	86	96	103	38	1	10	93	1	86	1e-17	93.2
Aech_17103	gi|307209739|gb|EFN86570.1|	54.65	86	96	98	37	1	10	93	1	86	1e-17	92.8
Aech_17103	gi|307196808|gb|EFN78251.1|	62.50	72	96	72	25	1	9	78	1	72	2e-17	92.4
Aech_17103	gi|307207663|gb|EFN85301.1|	59.52	84	96	96	31	2	12	93	1	83	2e-17	92.4
Aech_17103	gi|307207606|gb|EFN85266.1|	56.96	79	96	112	32	1	17	93	4	82	3e-17	91.7
Aech_17103	gi|307192296|gb|EFN75578.1|	58.23	79	96	160	30	2	17	93	4	81	3e-17	91.7
Aech_17103	gi|332027548|gb|EGI67623.1|	59.15	71	96	167	27	1	6	74	4	74	4e-17	91.7
Aech_17103	gi|307197414|gb|EFN78678.1|	58.44	77	96	77	24	2	19	87	1	77	4e-17	91.7
Aech_17103	gi|307200098|gb|EFN80430.1|	55.56	81	96	84	34	1	6	84	4	84	4e-17	91.7
Aech_17103	gi|307194314|gb|EFN76674.1|	50.56	89	96	112	42	1	10	96	1	89	4e-17	91.7
Aech_17103	gi|307174422|gb|EFN64931.1|	60.00	70	96	71	26	1	10	77	2	71	4e-17	91.3
Aech_17103	gi|332020776|gb|EGI61179.1|	68.85	61	96	167	17	1	38	96	1	61	8e-17	90.5
Aech_17103	gi|332027139|gb|EGI67232.1|	52.75	91	96	130	40	2	6	93	4	94	9e-17	90.5
Aech_17103	gi|332024286|gb|EGI64486.1|	52.50	80	96	143	36	1	16	93	11	90	1e-16	90.1
Aech_17103	gi|332025096|gb|EGI65277.1|	52.50	80	96	216	36	1	16	93	11	90	1e-16	90.1
Aech_17103	gi|332023653|gb|EGI63881.1|	52.94	85	96	90	38	1	6	88	4	88	1e-16	90.1
Aech_17103	gi|332020322|gb|EGI60747.1|	67.24	58	96	63	19	0	6	63	4	61	1e-16	90.1
Aech_17103	gi|332027129|gb|EGI67223.1|	53.33	90	96	197	33	2	6	93	4	86	1e-16	90.1
Aech_17103	gi|307191590|gb|EFN75087.1|	88.46	52	96	52	4	1	19	68	1	52	2e-16	89.4
Aech_17103	gi|332028376|gb|EGI68421.1|	52.81	89	96	116	39	3	7	93	1	88	2e-16	89.4
Aech_17103	gi|307214818|gb|EFN89699.1|	52.27	88	96	122	39	2	9	93	1	88	2e-16	89.4
Aech_17103	gi|332017907|gb|EGI58563.1|	54.43	79	96	82	34	1	6	82	4	82	2e-16	89.0
Aech_17103	gi|307210639|gb|EFN87077.1|	53.33	75	96	79	33	1	6	78	5	79	2e-16	89.0
Aech_17103	gi|307167753|gb|EFN61227.1|	52.87	87	96	156	39	1	9	93	1	87	2e-16	89.0
Aech_17103	gi|307197456|gb|EFN78693.1|	62.69	67	96	90	23	1	29	93	1	67	4e-16	88.2
Aech_17103	gi|332018172|gb|EGI58778.1|	54.55	88	96	100	32	5	1	83	1	85	6e-16	87.8
Aech_17103	gi|332022658|gb|EGI62945.1|	70.37	54	96	54	16	0	11	64	1	54	6e-16	87.8
Aech_17103	gi|332027232|gb|EGI67318.1|	52.56	78	96	120	35	1	16	91	11	88	7e-16	87.4
# BLASTP 2.2.25+
# Query: Aech_15528  [mRNA]  locus=scaffold2:291:1046:- [translate_table: standard]
# Database: /home/brown/uwba217/NOBACKUP/DATA/DBs/BLAST/nr
# Fields: query id, subject id, % identity, alignment length, query length, subject length, mismatches, gap opens, q. start, q. end, s. start, s. end, evalue, bit score
# 116 hits found
Aech_15528	gi|190702583|gb|ACE75466.1|	45.20	250	251	584	125	6	2	249	4	243	4e-52	 209
Aech_15528	gi|322782354|gb|EFZ10386.1|	53.45	174	251	167	73	3	22	195	1	166	1e-46	 190
Aech_15528	gi|322779338|gb|EFZ09603.1|	44.28	201	251	201	105	2	49	249	2	195	4e-39	 166
Aech_15528	gi|307188261|gb|EFN73068.1|	61.98	121	251	226	46	0	130	250	1	121	7e-38	 161
Aech_15528	gi|307175506|gb|EFN65458.1|	54.42	147	251	149	62	2	103	249	2	143	2e-35	 153
Aech_15528	gi|307185814|gb|EFN71671.1|	50.41	121	251	120	58	2	110	229	1	120	7e-25	 118
Aech_15528	gi|322779935|gb|EFZ09779.1|	38.98	177	251	185	101	2	21	197	16	185	1e-24	 118
Aech_15528	gi|307169502|gb|EFN62151.1|	51.67	120	251	276	55	3	130	249	1	117	3e-24	 116
Aech_15528	gi|322786419|gb|EFZ12909.1|	43.48	138	251	143	71	2	16	153	13	143	3e-22	 110
Aech_15528	gi|307210765|gb|EFN87159.1|	37.29	177	251	178	102	3	41	217	10	177	5e-22	 109
Aech_15528	gi|307188405|gb|EFN73164.1|	45.38	119	251	275	61	2	130	248	1	115	8e-21	 105
Aech_15528	gi|307166578|gb|EFN60639.1|	44.54	119	251	275	62	2	130	248	1	115	9e-20	 101
Aech_15528	gi|307194430|gb|EFN76731.1|	39.75	161	251	328	88	4	41	199	10	163	2e-18	97.1
Aech_15528	gi|307188634|gb|EFN73339.1|	45.45	121	251	275	62	3	130	250	1	117	3e-18	96.7
Aech_15528	gi|322784767|gb|EFZ11584.1|	41.73	127	251	136	66	3	41	165	14	134	4e-18	96.3
Aech_15528	gi|322783723|gb|EFZ11030.1|	45.60	125	251	211	60	3	41	163	89	207	9e-18	95.1
Aech_15528	gi|322785259|gb|EFZ11959.1|	36.69	169	251	245	90	5	36	202	31	184	1e-17	94.7
Aech_15528	gi|307186038|gb|EFN71783.1|	42.73	110	251	106	59	2	135	244	1	106	2e-17	94.0
Aech_15528	gi|221136484|ref|XP_002171049.1|	40.97	144	251	266	77	3	103	244	57	194	2e-16	90.9
Aech_15528	gi|221123402|ref|XP_002154733.1|	40.97	144	251	441	77	3	103	244	74	211	2e-16	90.9
Aech_15528	gi|221114720|ref|XP_002159054.1|	35.14	185	251	574	104	6	65	244	186	359	3e-15	87.0
Aech_15528	gi|156384282|ref|XP_001633260.1|	37.06	143	251	521	83	3	103	244	75	211	3e-15	86.7
Aech_15528	gi|221091620|ref|XP_002164830.1|	35.14	185	251	492	104	5	65	244	1	174	7e-15	85.5
Aech_15528	gi|221107815|ref|XP_002169729.1|	36.25	160	251	500	94	4	88	244	6	160	8e-15	85.1
Aech_15528	gi|221131905|ref|XP_002160030.1|	35.14	185	251	587	104	6	65	244	101	274	1e-14	84.7
Aech_15528	gi|221120015|ref|XP_002154102.1|	36.25	160	251	500	94	4	88	244	6	160	1e-14	84.3
Aech_15528	gi|221120354|ref|XP_002164448.1|	36.25	160	251	500	94	4	88	244	6	160	2e-14	84.3
Aech_15528	gi|221107623|ref|XP_002168526.1|	34.59	185	251	518	105	6	65	244	5	178	2e-14	84.0
Aech_15528	gi|156371012|ref|XP_001628560.1|	35.62	146	251	575	85	4	103	246	157	295	2e-14	83.6
Aech_15528	gi|221117566|ref|XP_002160730.1|	38.03	142	251	1040	80	4	106	244	240	376	3e-14	83.6
Aech_15528	gi|221109643|ref|XP_002168401.1|	36.25	160	251	232	94	4	88	244	6	160	4e-14	83.2
Aech_15528	gi|221132630|ref|XP_002157478.1|	31.63	215	251	1261	135	4	45	248	745	958	4e-14	83.2
Aech_15528	gi|307171366|gb|EFN63257.1|	45.83	96	251	96	45	3	156	249	1	91	5e-14	82.4
Aech_15528	gi|221121728|ref|XP_002161692.1|	30.23	258	251	263	146	10	16	250	3	249	6e-14	82.4
Aech_15528	gi|221101197|ref|XP_002167805.1|	30.62	258	251	581	145	10	16	250	3	249	6e-14	82.4
Aech_15528	gi|221104825|ref|XP_002166773.1|	41.88	117	251	482	63	2	128	244	38	149	7e-14	82.4
Aech_15528	gi|221102483|ref|XP_002157630.1|	36.25	160	251	272	94	4	88	244	6	160	7e-14	82.0
Aech_15528	gi|221123845|ref|XP_002155808.1|	41.88	117	251	394	63	2	128	244	49	160	9e-14	81.6
Aech_15528	gi|221120672|ref|XP_002159814.1|	30.23	258	251	582	146	10	16	250	3	249	1e-13	81.3
Aech_15528	gi|221116108|ref|XP_002159717.1|	41.03	117	251	482	64	2	128	244	310	421	2e-13	80.9
Aech_15528	gi|221119224|ref|XP_002164377.1|	30.62	258	251	582	145	11	16	250	3	249	2e-13	80.9
Aech_15528	gi|221103423|ref|XP_002168932.1|	30.23	258	251	582	146	10	16	250	3	249	3e-13	80.5
Aech_15528	gi|221104120|ref|XP_002159667.1|	29.84	258	251	582	147	10	16	250	3	249	4e-13	79.7
Aech_15528	gi|221120438|ref|XP_002154959.1|	38.76	129	251	582	72	3	122	250	128	249	1e-12	78.6
Aech_15528	gi|221109683|ref|XP_002169587.1|	41.23	114	251	720	63	3	135	248	495	604	1e-12	78.2
Aech_15528	gi|221135733|ref|XP_002171095.1|	38.76	129	251	395	72	3	122	250	12	133	2e-12	77.4
Aech_15528	gi|195355768|ref|XP_002044360.1|	38.74	111	251	345	65	2	140	250	1	108	2e-12	77.4
Aech_15528	gi|156395149|ref|XP_001636974.1|	33.82	136	251	433	86	3	110	244	75	207	8e-12	75.5
Aech_15528	gi|221124878|ref|XP_002155575.1|	36.21	116	251	460	69	2	129	244	75	185	8e-12	75.5
Aech_15528	gi|307183711|gb|EFN70401.1|	43.75	96	251	96	52	2	103	197	2	96	3e-11	73.6
Aech_15528	gi|307183506|gb|EFN70291.1|	38.26	115	251	112	66	3	103	216	2	112	5e-11	72.8
Aech_15528	gi|221109913|ref|XP_002162829.1|	28.69	251	251	564	142	11	17	244	9	245	7e-10	68.9
Aech_15528	gi|307185930|gb|EFN71738.1|	40.62	96	251	96	56	1	103	198	2	96	2e-09	67.4
Aech_15528	gi|221113792|ref|XP_002168621.1|	33.04	112	251	2145	74	1	132	243	186	296	3e-08	63.5
Aech_15528	gi|307182876|gb|EFN69934.1|	71.05	38	251	148	11	0	211	248	1	38	4e-08	63.2
Aech_15528	gi|221108251|ref|XP_002169757.1|	31.36	118	251	301	78	2	131	248	176	290	1e-07	61.6
Aech_15528	gi|307174295|gb|EFN64887.1|	63.16	38	251	198	14	0	211	248	1	38	2e-07	60.5
Aech_15528	gi|307176077|gb|EFN65805.1|	65.85	41	251	90	14	0	210	250	15	55	3e-07	60.1
Aech_15528	gi|291222367|ref|XP_002731187.1|	27.12	177	251	689	112	6	82	243	134	308	5e-07	59.7
Aech_15528	gi|307198935|gb|EFN79687.1|	56.00	50	251	329	21	1	192	241	276	324	5e-07	59.3
Aech_15528	gi|221115293|ref|XP_002158863.1|	34.19	117	251	605	69	3	128	244	153	261	7e-07	58.9
Aech_15528	gi|221110278|ref|XP_002159672.1|	31.14	167	251	1894	94	7	94	248	1682	1839	7e-07	58.9
Aech_15528	gi|332021364|gb|EGI61738.1|	31.67	120	251	447	72	2	1	116	320	433	1e-06	58.2
Aech_15528	gi|307168173|gb|EFN61450.1|	78.12	32	251	187	7	0	218	249	1	32	2e-06	57.8
Aech_15528	gi|156405577|ref|XP_001640808.1|	27.27	143	251	630	96	2	113	250	102	241	3e-06	57.0
Aech_15528	gi|307167877|gb|EFN61271.1|	42.68	82	251	77	38	3	120	197	1	77	8e-06	55.5
Aech_15528	gi|307178618|gb|EFN67271.1|	52.24	67	251	77	32	0	103	169	2	68	9e-06	55.5
Aech_15528	gi|322797759|gb|EFZ19708.1|	54.17	48	251	72	22	0	103	150	3	50	1e-05	55.1
Aech_15528	gi|307214511|gb|EFN89522.1|	44.83	58	251	204	29	1	191	248	9	63	1e-05	54.7
Aech_15528	gi|221122725|ref|XP_002161694.1|	29.91	117	251	1882	78	3	132	247	76	189	1e-05	54.7
Aech_15528	gi|188501460|gb|ACD54592.1|	26.67	210	251	615	136	9	43	244	67	266	2e-05	53.9
Aech_15528	gi|307199367|gb|EFN79992.1|	56.41	39	251	114	16	1	208	246	13	50	5e-05	52.8
Aech_15528	gi|221126032|ref|XP_002160000.1|	39.36	94	251	937	49	4	156	249	777	862	6e-05	52.8
Aech_15528	gi|221128625|ref|XP_002166131.1|	29.27	164	251	863	95	7	97	248	465	619	8e-05	52.0
Aech_15528	gi|328721519|ref|XP_003247325.1|	27.70	148	251	745	97	4	109	248	16	161	1e-04	51.6
Aech_15528	gi|328712518|ref|XP_003244832.1|	28.48	165	251	894	103	6	94	248	156	315	2e-04	51.2
Aech_15528	gi|307167085|gb|EFN60874.1|	66.67	33	251	170	11	0	217	249	1	33	2e-04	50.4
Aech_15528	gi|221120912|ref|XP_002161409.1|	36.46	96	251	660	59	2	123	218	567	660	2e-04	50.4
Aech_15528	gi|241744865|ref|XP_002405472.1|	35.58	104	251	358	59	2	151	248	45	146	4e-04	49.7
Aech_15528	gi|115908178|ref|XP_001200406.1|	28.38	148	251	142	87	6	108	242	1	142	5e-04	49.7
Aech_15528	gi|346467243|gb|AEO33466.1|	27.27	132	251	465	92	4	116	246	2	130	7e-04	48.9
Aech_15528	gi|221115371|ref|XP_002164469.1|	43.94	66	251	487	34	2	183	248	324	386	9e-04	48.5
Aech_15528	gi|115969884|ref|XP_001176220.1|	27.70	148	251	142	88	6	108	242	1	142	0.001	48.5
Aech_15528	gi|221106553|ref|XP_002169535.1|	46.55	58	251	1762	26	2	187	244	762	814	0.001	48.1
Aech_15528	gi|115871958|ref|XP_001176239.1|	27.70	148	251	142	88	6	108	242	1	142	0.001	48.1
Aech_15528	gi|328715305|ref|XP_003245590.1|	22.44	156	251	893	109	5	103	248	156	309	0.001	47.8
Aech_15528	gi|115752627|ref|XP_001177083.1|	27.70	148	251	142	88	6	108	242	1	142	0.002	47.8
Aech_15528	gi|328696605|ref|XP_003240078.1|	24.14	145	251	666	101	4	111	248	53	195	0.003	47.0
Aech_15528	gi|328699704|ref|XP_003241019.1|	26.02	123	251	713	83	3	132	248	3	123	0.003	47.0
Aech_15528	gi|115712758|ref|XP_001179357.1|	27.70	148	251	142	88	6	108	242	1	142	0.003	47.0
Aech_15528	gi|115760149|ref|XP_001196595.1|	27.70	148	251	142	88	6	108	242	1	142	0.003	47.0
Aech_15528	gi|221114516|ref|XP_002158279.1|	25.00	156	251	418	102	5	103	247	30	181	0.023	43.9
Aech_15528	gi|156386639|ref|XP_001634019.1|	50.00	46	251	780	20	1	195	240	432	474	0.027	43.5
Aech_15528	gi|156353861|ref|XP_001623128.1|	37.50	40	251	891	25	0	124	163	718	757	0.030	43.5
Aech_15528	gi|328699424|ref|XP_003240929.1|	25.53	141	251	730	96	4	115	248	2	140	0.034	43.5
Aech_15528	gi|221104239|ref|XP_002163806.1|	23.53	204	251	919	128	8	54	244	58	246	0.039	43.1
Aech_15528	gi|115640712|ref|XP_001181121.1|	25.83	120	251	149	73	5	127	242	42	149	0.062	42.4
Aech_15528	gi|350396378|ref|XP_003484534.1|	40.51	79	251	497	41	3	4	80	3	77	0.064	42.4
Aech_15528	gi|328706593|ref|XP_003243140.1|	33.73	83	251	260	49	2	172	248	125	207	0.064	42.4
Aech_15528	gi|260829821|ref|XP_002609860.1|	24.16	149	251	814	96	5	88	226	196	337	0.070	42.4
Aech_15528	gi|322791756|gb|EFZ16015.1|	51.72	29	251	58	14	0	220	248	13	41	0.074	42.4
Aech_15528	gi|307175167|gb|EFN65264.1|	35.53	76	251	245	43	3	146	218	173	245	0.15	41.2
Aech_15528	gi|350412883|ref|XP_003489800.1|	35.90	78	251	863	46	2	4	80	3	77	0.20	40.8
Aech_15528	gi|221126645|ref|XP_002157872.1|	27.27	132	251	430	73	3	116	247	298	406	0.36	40.0
Aech_15528	gi|328726771|ref|XP_003249038.1|	34.38	64	251	123	36	2	191	248	24	87	0.46	39.7
Aech_15528	gi|156371310|ref|XP_001628707.1|	23.08	156	251	606	103	4	13	159	103	250	0.55	39.3
Aech_15528	gi|221126044|ref|XP_002161014.1|	36.78	87	251	346	52	2	162	248	2	85	0.65	39.3
Aech_15528	gi|221126723|ref|XP_002163102.1|	34.92	63	251	480	40	1	129	191	414	475	0.67	38.9
Aech_15528	gi|307177984|gb|EFN66856.1|	25.45	110	251	195	75	3	143	247	13	120	0.69	38.9
Aech_15528	gi|270010758|gb|EFA07206.1|	25.74	136	251	701	93	3	119	248	7	140	0.69	38.9
Aech_15528	gi|221115470|ref|XP_002155569.1|	40.00	40	251	771	24	0	204	243	558	597	2.2	37.4
Aech_15528	gi|268554126|ref|XP_002635050.1|	36.73	49	251	842	21	2	18	63	211	252	2.5	37.4
Aech_15528	gi|307171678|gb|EFN63424.1|	36.36	66	251	91	35	2	33	98	6	64	2.7	37.0
Aech_15528	gi|221123988|ref|XP_002166256.1|	25.32	154	251	1269	96	7	65	203	670	819	4.5	36.2
Aech_15528	gi|195449647|ref|XP_002072162.1|	25.27	91	251	1482	67	1	102	191	962	1052	5.0	36.2
Aech_15528	gi|195998397|ref|XP_002109067.1|	28.87	97	251	968	61	3	25	115	197	291	7.3	35.8
# BLASTP 2.2.25+
# Query: Aech_15529  [mRNA]  locus=scaffold2:2109:7864:- [translate_table: standard]
# Database: /home/brown/uwba217/NOBACKUP/DATA/DBs/BLAST/nr
# Fields: query id, subject id, % identity, alignment length, query length, subject length, mismatches, gap opens, q. start, q. end, s. start, s. end, evalue, bit score
# 43 hits found
Aech_15529	gi|332027846|gb|EGI67905.1|	100.00	260	260	260	0	0	1	260	1	260	3e-138	 495
Aech_15529	gi|332021774|gb|EGI62124.1|	57.26	234	260	576	38	5	83	255	1	233	2e-32	 144
Aech_15529	gi|332027847|gb|EGI67906.1|	51.02	245	260	977	56	7	46	227	208	451	2e-23	 114
Aech_15529	gi|332019991|gb|EGI60445.1|	51.56	128	260	315	59	2	27	151	187	314	4e-22	 109
Aech_15529	gi|332026589|gb|EGI66702.1|	35.96	317	260	364	105	10	7	255	54	340	6e-17	92.4
Aech_15529	gi|332027829|gb|EGI67892.1|	59.46	74	260	331	29	1	2	74	226	299	1e-14	84.7
Aech_15529	gi|332019695|gb|EGI60168.1|	60.27	73	260	401	27	1	24	94	189	261	6e-12	75.9
Aech_15529	gi|332019695|gb|EGI60168.1|	68.42	38	260	401	4	2	2	39	328	357	0.001	48.5
Aech_15529	gi|322784628|gb|EFZ11499.1|	50.00	58	260	444	29	0	198	255	383	440	2e-04	50.8
Aech_15529	gi|322778670|gb|EFZ09094.1|	33.04	115	260	511	64	5	10	112	363	476	2e-04	50.8
Aech_15529	gi|332030706|gb|EGI70383.1|	54.90	51	260	216	22	1	59	109	77	126	3e-04	50.1
Aech_15529	gi|332020622|gb|EGI61029.1|	51.30	115	260	270	36	5	104	209	93	196	0.003	47.4
Aech_15529	gi|156098657|ref|XP_001615344.1|	25.37	134	260	5331	92	4	87	220	3918	4043	0.009	45.4
Aech_15529	gi|328787929|ref|XP_395212.4|	25.00	112	260	2401	70	2	87	198	2117	2214	0.010	45.1
Aech_15529	gi|66570962|emb|CAH10285.1|	26.73	101	260	1739	65	2	88	188	754	845	0.016	44.7
Aech_15529	gi|82998267|ref|XP_357051.3|	22.90	131	260	1207	100	1	87	216	489	619	0.017	44.3
Aech_15529	gi|82998851|ref|XP_913813.1|	22.90	131	260	1207	100	1	87	216	489	619	0.017	44.3
Aech_15529	gi|148709469|gb|EDL41415.1|	22.90	131	260	1131	100	1	87	216	413	543	0.030	43.5
Aech_15529	gi|340719014|ref|XP_003397953.1|	26.55	113	260	2402	68	3	87	198	2117	2215	0.042	43.1
Aech_15529	gi|1839052|emb|CAA69604.1|	31.06	132	260	1506	80	4	87	214	53	177	0.076	42.4
Aech_15529	gi|332021027|gb|EGI61417.1|	39.52	124	260	499	49	6	83	181	1	123	0.088	42.0
Aech_15529	gi|350646369|emb|CCD58962.1|	35.48	93	260	870	54	4	105	197	199	285	0.098	42.0
Aech_15529	gi|256087832|ref|XP_002580067.1|	35.48	93	260	872	54	4	105	197	199	285	0.11	42.0
Aech_15529	gi|350419874|ref|XP_003492331.1|	25.66	113	260	2402	69	3	87	198	2117	2215	0.17	41.2
Aech_15529	gi|115583672|ref|NP_853522.2|	22.22	135	260	2151	92	2	81	202	345	479	0.23	40.8
Aech_15529	gi|115583672|ref|NP_853522.2|	24.55	110	260	2151	81	2	87	195	494	602	1.8	37.7
Aech_15529	gi|31335119|gb|AAO32799.1|	22.22	135	260	2151	92	2	81	202	345	479	0.23	40.8
Aech_15529	gi|31335119|gb|AAO32799.1|	24.55	110	260	2151	81	2	87	195	494	602	1.8	37.7
Aech_15529	gi|115583681|ref|NP_001034789.2|	22.22	135	260	2201	92	2	81	202	345	479	0.25	40.4
Aech_15529	gi|115583681|ref|NP_001034789.2|	24.55	110	260	2201	81	2	87	195	494	602	2.1	37.7
Aech_15529	gi|87280846|gb|ABD36562.1|	22.22	135	260	2191	92	2	81	202	345	479	0.26	40.4
Aech_15529	gi|87280846|gb|ABD36562.1|	24.55	110	260	2191	81	2	87	195	494	602	2.1	37.7
Aech_15529	gi|307170501|gb|EFN62746.1|	43.90	41	260	306	23	0	215	255	2	42	0.26	40.4
Aech_15529	gi|195340871|ref|XP_002037036.1|	32.22	90	260	1214	51	3	87	174	1104	1185	0.29	40.4
Aech_15529	gi|344279429|ref|XP_003411490.1|	29.13	103	260	1400	64	2	87	189	94	187	0.34	40.0
Aech_15529	gi|156100953|ref|XP_001616170.1|	30.58	121	260	806	64	4	116	216	273	393	0.40	40.0
Aech_15529	gi|71029838|ref|XP_764562.1|	29.13	103	260	3300	64	3	87	185	642	739	0.60	39.3
Aech_15529	gi|330804105|ref|XP_003290039.1|	32.08	106	260	1057	55	3	88	186	912	1007	1.4	38.1
Aech_15529	gi|145482197|ref|XP_001427121.1|	28.85	104	260	1734	65	3	87	186	1102	1200	1.9	37.7
Aech_15529	gi|87280850|gb|ABD36564.1|	22.22	135	260	1403	92	2	81	202	349	483	3.9	36.6
Aech_15529	gi|300176444|emb|CBK23755.2|	28.57	105	260	925	73	1	85	187	382	486	6.5	35.8
Aech_15529	gi|195565010|ref|XP_002106100.1|	31.76	85	260	1284	47	4	90	174	1182	1255	8.8	35.4
Aech_15529	gi|156085387|ref|XP_001610147.1|	31.48	108	260	1310	61	5	149	244	780	886	8.8	35.4
# BLASTP 2.2.25+
# Query: Aech_15530  [mRNA]  locus=scaffold2:7891:15792:- [translate_table: standard]
# Database: /home/brown/uwba217/NOBACKUP/DATA/DBs/BLAST/nr
# Fields: query id, subject id, % identity, alignment length, query length, subject length, mismatches, gap opens, q. start, q. end, s. start, s. end, evalue, bit score
# 54 hits found
Aech_15530	gi|332027847|gb|EGI67906.1|	100.00	977	977	977	0	0	1	977	1	977	0.0	1917
Aech_15530	gi|332021774|gb|EGI62124.1|	49.09	607	977	576	223	18	245	829	1	543	6e-81	 307
Aech_15530	gi|332021774|gb|EGI62124.1|	55.95	84	977	576	20	1	3	69	478	561	1e-09	71.2
Aech_15530	gi|332026589|gb|EGI66702.1|	53.39	354	977	364	118	8	103	451	1	312	6e-67	 261
Aech_15530	gi|332026589|gb|EGI66702.1|	70.00	60	977	364	15	2	878	935	1	59	9e-12	77.8
Aech_15530	gi|332019991|gb|EGI60445.1|	39.43	350	977	315	119	8	2	323	31	315	4e-38	 165
Aech_15530	gi|332019991|gb|EGI60445.1|	52.63	171	977	315	43	4	755	916	23	164	1e-24	 120
Aech_15530	gi|332019127|gb|EGI59645.1|	77.88	113	977	388	22	1	717	829	236	345	1e-37	 164
Aech_15530	gi|332019127|gb|EGI59645.1|	59.60	99	977	388	23	1	1	82	278	376	3e-22	 112
Aech_15530	gi|332027829|gb|EGI67892.1|	58.45	142	977	331	47	3	43	180	59	192	4e-33	 148
Aech_15530	gi|332027829|gb|EGI67892.1|	66.67	84	977	331	20	2	849	932	90	165	3e-17	96.3
Aech_15530	gi|332023509|gb|EGI63746.1|	43.27	245	977	385	63	7	721	965	36	204	1e-29	 137
Aech_15530	gi|332023509|gb|EGI63746.1|	67.37	95	977	385	29	1	59	153	84	176	3e-26	 126
Aech_15530	gi|332020622|gb|EGI61029.1|	54.80	177	977	270	67	5	255	429	69	234	2e-27	 130
Aech_15530	gi|332019695|gb|EGI60168.1|	43.01	186	977	401	70	5	74	256	109	261	3e-25	 122
Aech_15530	gi|332019695|gb|EGI60168.1|	69.88	83	977	401	22	2	848	927	106	188	8e-21	 107
Aech_15530	gi|332019695|gb|EGI60168.1|	73.68	38	977	401	9	1	150	186	265	302	2e-04	53.5
Aech_15530	gi|322778670|gb|EFZ09094.1|	44.10	161	977	511	83	2	781	934	116	276	7e-25	 121
Aech_15530	gi|322778670|gb|EFZ09094.1|	39.61	154	977	511	88	2	12	161	126	278	4e-20	 105
Aech_15530	gi|332030706|gb|EGI70383.1|	31.03	232	977	216	63	2	51	282	2	136	8e-19	 101
Aech_15530	gi|332030706|gb|EGI70383.1|	66.20	71	977	216	21	1	849	919	25	92	2e-14	87.0
Aech_15530	gi|322792604|gb|EFZ16505.1|	38.35	133	977	666	78	1	33	161	514	646	9e-18	97.8
Aech_15530	gi|322792604|gb|EFZ16505.1|	41.72	163	977	666	88	2	779	934	482	644	3e-17	96.3
Aech_15530	gi|322790826|gb|EFZ15526.1|	45.19	135	977	370	70	2	765	895	228	362	3e-17	95.9
Aech_15530	gi|322790826|gb|EFZ15526.1|	47.19	89	977	370	47	0	33	121	275	363	1e-16	94.4
Aech_15530	gi|332027846|gb|EGI67905.1|	65.22	115	977	260	29	2	208	321	46	150	4e-16	92.4
Aech_15530	gi|332021027|gb|EGI61417.1|	45.39	141	977	499	56	7	245	371	1	134	8e-11	74.7
Aech_15530	gi|332021775|gb|EGI62125.1|	53.85	78	977	189	18	2	578	654	35	95	2e-04	53.5
Aech_15530	gi|332019456|gb|EGI59938.1|	27.11	284	977	543	133	8	664	880	109	385	0.002	50.4
Aech_15530	gi|332019456|gb|EGI59938.1|	31.91	94	977	543	63	1	11	104	292	384	1.3	40.8
Aech_15530	gi|307176838|gb|EFN66199.1|	45.83	48	977	201	25	1	404	451	2	48	0.005	48.9
Aech_15530	gi|332022717|gb|EGI62993.1|	33.04	112	977	260	72	2	14	125	138	246	0.024	46.6
Aech_15530	gi|71029838|ref|XP_764562.1|	25.23	218	977	3300	132	8	249	443	642	851	0.029	46.2
Aech_15530	gi|255081933|ref|XP_002508185.1|	28.12	128	977	4434	77	4	249	365	657	780	0.11	44.7
Aech_15530	gi|340727407|ref|XP_003402035.1|	37.93	58	977	1862	36	0	396	453	604	661	0.11	44.3
Aech_15530	gi|307214115|gb|EFN89280.1|	41.56	77	977	228	42	3	386	461	2	76	0.15	43.9
Aech_15530	gi|357611860|gb|EHJ67685.1|	26.11	180	977	1923	118	3	751	930	1307	1471	0.15	43.9
Aech_15530	gi|307165894|gb|EFN60243.1|	40.74	54	977	220	29	2	400	451	8	60	0.21	43.5
Aech_15530	gi|307204923|gb|EFN83463.1|	38.18	55	977	257	33	1	397	451	56	109	0.30	43.1
Aech_15530	gi|307181409|gb|EFN69006.1|	33.78	74	977	534	48	1	379	451	252	325	0.80	41.6
Aech_15530	gi|307206961|gb|EFN84802.1|	38.78	49	977	228	29	1	403	451	11	58	0.84	41.6
