10239
12333
12429
12877
29258
35237
35268
35325
39759
186616
439488
451344
552364
686617
10239
10240
10404
10442
10472
10474
10477
10482
10486
10501
10508
10556
10656
10659
10780
10811
10841
10860
10877
10880
10993
11006
11012
11632
12292
12333
12340
12347
12366
12368
12371
12374
12375
12386
12388
12392
12403
12404
12405
12406
12408
12409
12412
12413
12416
12420
12423
12424
12425
12427
12428
12429
12439
12440
12449
12452
12453
12475
12477
12499
12521
12672
12877
12878
28361
28368
28883
29258
31760
33768
33769
35237
35268
35278
35301
35325
35342
35344
35352
36517
37478
38018
38061
39425
39724
39748
39759
39780
39943
41669
42171
42172
42173
43682
44124
45331
45332
45441
48224
48616
51368
52418
53480
54392
57324
57476
57478
60457
63117
65388
66284
68893
68912
70698
70735
73117
73479
73492
76262
76669
77041
77042
77920
79205
80271
86065
89551
100637
100638
100639
100640
105686
108916
108917
108918
112596
126970
126991
126992
128975
129861
129862
132905
137422
137992
139871
147128
148339
151340
151341
156614
157897
158478
159252
159253
164125
167320
167533
169159
172666
173830
173831
176100
178881
179820
179884
181120
181485
181522
182851
185368
185369
185428
186534
186616
186617
186665
186670
187176
191288
196194
196937
198538
198539
198540
198541
198542
198543
198600
198601
198932
207656
210927
210928
219292
221993
225725
225726
225980
225981
225982
225983
229343
229344
229345
229346
239364
239740
241652
242708
243555
248497
249310
251095
262790
264484
268585
268586
268587
268588
268590
272473
272757
279276
280702
282372
282690
282691
282692
282693
282698
282699
282700
282701
282702
282703
282704
282705
282709
282710
284052
290116
291401
292511
292638
293378
293711
293712
293713
294363
311221
319711
319712
319713
321302
324686
325212
325238
334523
334856
338345
340016
343515
347330
347331
350104
352476
356350
357204
360047
360048
360049
360050
362866
364251
364252
364253
364254
367897
370564
370565
373126
374421
375032
375198
376611
380624
381900
381901
382261
382276
385534
387086
387087
387088
390784
398817
405001
409026
417289
417290
423358
427636
430512
430513
430514
430515
430796
432197
432198
432199
432200
432201
432202
432203
435305
435637
439488
439490
440576
445515
445516
445517
445681
445682
445687
445689
445690
445691
445694
445695
445697
445698
445699
445701
445702
445703
445704
445705
445706
447796
447800
447909
449399
451344
458091
458093
458094
458095
458096
458097
458098
458099
458100
458101
458102
458103
458420
458421
458422
458423
458424
458425
458426
458427
458428
458429
458430
458431
458432
458433
458434
458435
458436
458437
458438
458439
458440
458441
458442
458443
458444
458445
458446
458447
458448
458449
458450
458451
458452
458453
458454
458455
458456
458457
458458
458459
458460
458461
458462
458463
458464
458465
458466
458467
458468
458469
458470
458471
458472
458473
458474
458475
458476
458477
461375
461376
461377
461378
461379
461380
461381
461382
461383
461384
461385
461386
461387
461388
461389
462299
464033
468928
472964
472965
472966
483783
483784
483785
490877
490878
498338
498339
498340
498341
498342
498343
498344
498345
498346
498347
498348
498349
498350
498351
498352
498353
504556
504557
504558
526394
536444
536445
536446
536447
536448
536449
536450
536451
536452
536453
536454
536455
536456
536457
536458
536459
536460
536461
536462
536463
536464
536465
536467
536468
536469
536470
536471
536472
536473
536474
543939
547228
548681
549779
552364
552509
557989
560197
560198
564644
564886
568989
568990
568991
568992
568993
571950
573053
573171
573172
573173
573174
573175
573176
574296
576538
577445
585893
586340
595218
616668
616669
616671
616672
616673
622607
626985
635097
635098
635099
635100
635101
635102
635103
635104
635105
635106
635107
635135
635136
635137
635138
635139
635140
635141
635142
635143
635144
635145
640504
641833
641834
641835
641836
641837
641838
641839
647331
649272
649452
649453
649454
649455
655573
657176
657177
657178
657179
657180
657181
657182
657183
657184
657185
658056
659661
660572
663236
663237
663238
663239
663240
663583
663584
666474
671095
674978
674979
682650
682651
686440
686617
687237
687238
687239
687240
687241
687242
687243
687244
687245
687246
687247
687248
687249
687250
687251
687252
687329
689406
691318
691319
693830
697288
697289
697290
697291
697627
697628
700542
700937
700938
701257
702552
702821
702822
703038
706150
706151
706152
706153
706154
706155
706156
706157
706158
706159
706160
706161
706162
706163
706164
707783
716683
741942
743531
743532
743533
743534
743535
743536
743537
743538
743539
743540
743541
743542
743543
743544
743545
743546
743547
743548
743549
743550
743551
743552
743553
743554
743555
743556
743557
743558
743559
743560
743561
743562
743563
743564
743565
743566
743567
743568
743569
743570
743571
743572
743573
743574
743575
743576
743577
743578
743579
743580
743581
743582
743583
743584
743585
743586
743587
743588
743589
743590
743591
743592
743593
743594
743595
743596
743597
743598
743599
743964
745097
745098
745099
745100
745101
745102
745103
745104
745105
745106
745107
745108
745109
762906
763998
795385
795388
857279
857344
858350
861448
870469
870470
870471
870472
870473
870474
870475
874267
874268
884143
884614
889876
890041
908819
908820
908821
908839
908840
908841
913183
926066
927392
930196
931927
938080
942583
945083
945084
945085
947842
947843
948071
949124
949125
949126
949127
977801
979538
980881
980973
980974
980975
980976
980977
980978
981335
984175
984186
986165
986166
986167
986168
994601
1003177
1006972
1007869
1009513
1027410
1028788
1029988
1032473
1032474
1033977
1034099
1034100
1034101
1034102
1034103
1034104
1034105
1034106
1034108
1034109
1034110
1034113
1034114
1034115
1034116
1034117
1034118
1034119
1034126
1034127
1034129
1034130
1034135
1034136
1034137
1034138
1034139
1034140
1034141
1034143
1034144
1034147
1034148
1034149
1034150
1034151
1034805
1034806
1041526
1041527
1046847
1048207
1049283
1051631
1051671
1064594
1071014
1071177
1073754
1074214
1074427
1074428
1075767
1075823
1075825
1077287
1080237
1087070
1087071
1091052
1091299
1091300
1091301
1091303
1091306
1094249
1100068
1105380
1105381
1109713
1109714
1112699
1113547
1115653
1115696
1116482
1118063
1118064
1124578
1126885
1128422
1128741
1131316
1133031
1133032
1133366
1133557
1136247
1136248
1136249
1136250
1136251
1136252
1136253
1136254
1136255
1136256
1136257
1136258
1137452
1147042
1147043
1147044
1147137
1147722
1149853
1149854
1149855
1149856
1149857
1150353
1150757
1150869
1154995
1155158
1157339
1158203
1158680
1158721
1159653
1159654
1159655
1159656
1159657
1159658
1159659
1159660
1159661
1159662
1159663
1159664
1159665
1159666
1159667
1159668
1159669
1159670
1159671
1159672
1159673
1159674
1159675
1159676
1159677
1159678
1159679
1159680
1159681
1159682
1159683
1159684
1159685
1159686
1159687
1159688
1159689
1159690
1159691
1159692
1159693
1160896
1160897
1160898
1161145
1161928
1161935
1161939
1162305
1162306
1163482
1165702
1168281
1169650
1169651
1169652
1169653
1169654
1169655
1169656
1169657
1169658
1169659
1169773
1169774
1169775
1169776
1169777
1169778
1169779
1169780
1169781
1169782
1169783
1169784
1169785
1169786
1169787
1169788
1169789
1169790
1169791
1169792
1169793
1169794
1169795
1169796
1169797
1169798
1169799
1169800
1169801
1169802
1169803
1169804
1169805
1169806
1169807
1169808
1169809
1169810
1169811
1169812
1169813
1169814
1169815
1169816
1169817
1169818
1169819
1169820
1169821
1169822
1169823
1169824
1169825
1169826
1169827
1169828
1169829
1169830
1169831
1169832
1169833
1169834
1169835
1169836
1169837
1169838
1169839
1169840
1169841
1169842
1169843
1169844
1169845
1169846
1170408
1170409
1170421
1170422
1170423
1170424
1170425
1170426
1170427
1173297
457758
279154
945962
474006
797071
580601
654924
160691
580602
132180
797068
10943
186156
32630
797069
256130
554168
10493
296596
797066
84739
937835
465914
648330
380179
92652
36427
361652
31567
71032
201177
83610
642590
554285
265294
483266
487311
419435
286693
350084
100217
35338
212035
10808
217733
291197
418828
797073
797070
505291
797072
70177
194675
928675
766747
39640
